0,66,46,122,149,77
66,0,108,159,143,101
46,108,0,70,156,166
122,159,70,0,176,162
149,143,156,176,0,77
77,101,166,162,77,0
