0,122,83,20,156,101,121
122,0,106,73,86,140,62
83,106,0,89,74,109,152
20,73,89,0,115,90,65
156,86,74,115,0,89,108
101,140,109,90,89,0,132
121,62,152,65,108,132,0
