0,63,95,36,105,193,149
63,0,65,91,101,90,48
95,65,0,93,128,127,139
36,91,93,0,31,125,70
105,101,128,31,0,84,87
193,90,127,125,84,0,82
149,48,139,70,87,82,0
