0,121,111,130,97,117
121,0,47,116,93,177
111,47,0,96,111,189
130,116,96,0,91,160
97,93,111,91,0,128
117,177,189,160,128,0
