0,92,43,132,54,137
92,0,30,39,32,65
43,30,0,94,115,103
132,39,94,0,135,104
54,32,115,135,0,61
137,65,103,104,61,0
