0,61,108,159,108,43,110
61,0,102,101,125,139,98
108,102,0,106,28,123,48
159,101,106,0,50,76,107
108,125,28,50,0,107,134
43,139,123,76,107,0,90
110,98,48,107,134,90,0
