0,148,71,121,127,85
148,0,170,131,85,8
71,170,0,135,23,75
121,131,135,0,137,126
127,85,23,137,0,113
85,8,75,126,113,0
