0,86,84,156,174,96,130
86,0,44,105,29,156,59
84,44,0,164,104,175,168
156,105,164,0,134,74,102
174,29,104,134,0,170,124
96,156,175,74,170,0,157
130,59,168,102,124,157,0
