0,43,33,115,99,132
43,0,104,74,179,99
33,104,0,73,120,133
115,74,73,0,85,42
99,179,120,85,0,59
132,99,133,42,59,0
