0,77,131,179,175,42
77,0,85,133,80,90
131,85,0,88,153,54
179,133,88,0,87,66
175,80,153,87,0,72
42,90,54,66,72,0
