0,101,29,87,104,64,80
101,0,102,54,123,108,39
29,102,0,83,56,87,97
87,54,83,0,24,165,72
104,123,56,24,0,112,105
64,108,87,165,112,0,125
80,39,97,72,105,125,0
