0,24,150,68,81,27,72
24,0,45,98,103,87,126
150,45,0,133,111,70,63
68,98,133,0,151,124,109
81,103,111,151,0,46,144
27,87,70,124,46,0,133
72,126,63,109,144,133,0
