0,140,87,166,44,98
140,0,58,122,42,74
87,58,0,115,22,49
166,122,115,0,165,153
44,42,22,165,0,116
98,74,49,153,116,0
