0,115,39,114,172,20,61
115,0,116,116,116,136,102
39,116,0,158,96,172,106
114,116,158,0,52,113,105
172,116,96,52,0,94,73
20,136,172,113,94,0,97
61,102,106,105,73,97,0
