0,105,148,114,59,117
105,0,121,130,123,52
148,121,0,125,126,51
114,130,125,0,89,167
59,123,126,89,0,79
117,52,51,167,79,0
