0,149,75,42,191,108
149,0,165,180,131,161
75,165,0,79,20,137
42,180,79,0,47,107
191,131,20,47,0,111
108,161,137,107,111,0
