0,119,47,38,113,126,44
119,0,52,25,81,173,67
47,52,0,130,100,173,156
38,25,130,0,76,114,88
113,81,100,76,0,108,8
126,173,173,114,108,0,53
44,67,156,88,8,53,0
