0,97,79,121,89,56
97,0,100,72,147,114
79,100,0,59,95,126
121,72,59,0,181,161
89,147,95,181,0,62
56,114,126,161,62,0
