0,37,135,124,112,48,78
37,0,58,52,132,140,34
135,58,0,31,142,114,150
124,52,31,0,96,195,134
112,132,142,96,0,89,102
48,140,114,195,89,0,99
78,34,150,134,102,99,0
