0,182,47,57,137,103
182,0,168,141,82,114
47,168,0,93,66,111
57,141,93,0,124,98
137,82,66,124,0,90
103,114,111,98,90,0
