0,30,90,40,56,88
30,0,73,29,133,122
90,73,0,130,145,39
40,29,130,0,96,92
56,133,145,96,0,122
88,122,39,92,122,0
