0,73,162,144,160,52,118
73,0,118,25,92,66,144
162,118,0,146,58,43,85
144,25,146,0,97,186,131
160,92,58,97,0,110,105
52,66,43,186,110,0,100
118,144,85,131,105,100,0
