0,85,157,47,143,99,114
85,0,26,80,155,157,70
157,26,0,114,49,95,153
47,80,114,0,104,84,96
143,155,49,104,0,94,48
99,157,95,84,94,0,119
114,70,153,96,48,119,0
