0,123,125,90,87,117
123,0,110,60,54,137
125,110,0,111,74,105
90,60,111,0,67,66
87,54,74,67,0,128
117,137,105,66,128,0
