0.0,172.0,126.0,145.0,137.0,100.0
172.0,0.0,28.0,106.0,121.0,79.0
126.0,28.0,0.0,139.0,116.0,82.0
145.0,106.0,139.0,0.0,138.0,174.0
137.0,121.0,116.0,138.0,0.0,112.0
100.0,79.0,82.0,174.0,112.0,0.0
1331.25,1331.25,1331.25,1331.25,1331.25,1331.25
