0.0,129.0,89.0,23.0,76.0,118.0,144.0
129.0,0.0,120.0,156.0,124.0,102.0,163.0
89.0,120.0,0.0,145.0,56.0,137.0,138.0
23.0,156.0,145.0,0.0,130.0,80.0,140.0
76.0,124.0,56.0,130.0,0.0,138.0,152.0
118.0,102.0,137.0,80.0,138.0,0.0,73.0
144.0,163.0,138.0,140.0,152.0,73.0,0.0
1824.75,1824.75,1824.75,1824.75,1824.75,1824.75,1824.75
