0.0,108.0,88.0,140.0,127.0,41.0
108.0,0.0,46.0,118.0,50.0,61.0
88.0,46.0,0.0,73.0,102.0,110.0
140.0,118.0,73.0,0.0,170.0,106.0
127.0,50.0,102.0,170.0,0.0,91.0
41.0,61.0,110.0,106.0,91.0,0.0
1073.25,1073.25,1073.25,1073.25,1073.25,1073.25
