0.0,78.0,92.0,125.0,103.0,39.0,90.0,149.0
78.0,0.0,20.0,22.0,87.0,114.0,115.0,67.0
92.0,20.0,0.0,100.0,181.0,90.0,152.0,86.0
125.0,22.0,100.0,0.0,75.0,80.0,107.0,153.0
103.0,87.0,181.0,75.0,0.0,163.0,48.0,59.0
39.0,114.0,90.0,80.0,163.0,0.0,100.0,133.0
90.0,115.0,152.0,107.0,48.0,100.0,0.0,109.0
149.0,67.0,86.0,153.0,59.0,133.0,109.0,0.0
2052.75,2052.75,2052.75,2052.75,2052.75,2052.75,2052.75,2052.75
