0.0,33.0,114.0,146.0,65.0,153.0,94.0
33.0,0.0,117.0,103.0,139.0,63.0,31.0
114.0,117.0,0.0,141.0,94.0,131.0,103.0
146.0,103.0,141.0,0.0,84.0,52.0,123.0
65.0,139.0,94.0,84.0,0.0,67.0,45.0
153.0,63.0,131.0,52.0,67.0,0.0,136.0
94.0,31.0,103.0,123.0,45.0,136.0,0.0
1525.5,1525.5,1525.5,1525.5,1525.5,1525.5,1525.5
