0.0,63.0,125.0,158.0,59.0,150.0,93.0,24.0
63.0,0.0,163.0,107.0,62.0,109.0,43.0,23.0
125.0,163.0,0.0,141.0,95.0,157.0,108.0,79.0
158.0,107.0,141.0,0.0,91.0,171.0,125.0,173.0
59.0,62.0,95.0,91.0,0.0,86.0,176.0,146.0
150.0,109.0,157.0,171.0,86.0,0.0,105.0,100.0
93.0,43.0,108.0,125.0,176.0,105.0,0.0,82.0
24.0,23.0,79.0,173.0,146.0,100.0,82.0,0.0
2260.5,2260.5,2260.5,2260.5,2260.5,2260.5,2260.5,2260.5
