0.0,147.0,50.0,145.0,65.0,119.0,83.0,104.0,95.0
147.0,0.0,122.0,142.0,93.0,87.0,104.0,116.0,141.0
50.0,122.0,0.0,137.0,66.0,78.0,84.0,73.0,147.0
145.0,142.0,137.0,0.0,128.0,108.0,41.0,93.0,115.0
65.0,93.0,66.0,128.0,0.0,82.0,101.0,93.0,80.0
119.0,87.0,78.0,108.0,82.0,0.0,70.0,72.0,129.0
83.0,104.0,84.0,41.0,101.0,70.0,0.0,86.0,143.0
104.0,116.0,73.0,93.0,93.0,72.0,86.0,0.0,67.0
95.0,141.0,147.0,115.0,80.0,129.0,143.0,67.0,0.0
2704.5,2704.5,2704.5,2704.5,2704.5,2704.5,2704.5,2704.5,2704.5
