0.0,125.0,82.0,115.0,46.0,112.0,81.0,107.0
125.0,0.0,87.0,123.0,146.0,73.0,87.0,51.0
82.0,87.0,0.0,68.0,96.0,128.0,122.0,82.0
115.0,123.0,68.0,0.0,131.0,83.0,55.0,152.0
46.0,146.0,96.0,131.0,0.0,105.0,78.0,120.0
112.0,73.0,128.0,83.0,105.0,0.0,120.0,129.0
81.0,87.0,122.0,55.0,78.0,120.0,0.0,131.0
107.0,51.0,82.0,152.0,120.0,129.0,131.0,0.0
2126.25,2126.25,2126.25,2126.25,2126.25,2126.25,2126.25,2126.25
