0.0,40.0,128.0,24.0,148.0,60.0
40.0,0.0,21.0,86.0,110.0,63.0
128.0,21.0,0.0,69.0,120.0,67.0
24.0,86.0,69.0,0.0,116.0,59.0
148.0,110.0,120.0,116.0,0.0,131.0
60.0,63.0,67.0,59.0,131.0,0.0
931.5,931.5,931.5,931.5,931.5,931.5
