0.0,127.0,62.0,72.0,60.0,111.0
127.0,0.0,68.0,116.0,124.0,61.0
62.0,68.0,0.0,150.0,19.0,64.0
72.0,116.0,150.0,0.0,86.0,120.0
60.0,124.0,19.0,86.0,0.0,142.0
111.0,61.0,64.0,120.0,142.0,0.0
1036.5,1036.5,1036.5,1036.5,1036.5,1036.5
