0.0,57.0,51.0,60.0,15.0,74.0,170.0,171.0
57.0,0.0,74.0,16.0,96.0,12.0,100.0,68.0
51.0,74.0,0.0,88.0,96.0,65.0,155.0,104.0
60.0,16.0,88.0,0.0,142.0,149.0,106.0,152.0
15.0,96.0,96.0,142.0,0.0,118.0,123.0,97.0
74.0,12.0,65.0,149.0,118.0,0.0,62.0,73.0
170.0,100.0,155.0,106.0,123.0,62.0,0.0,55.0
171.0,68.0,104.0,152.0,97.0,73.0,55.0,0.0
1911.75,1911.75,1911.75,1911.75,1911.75,1911.75,1911.75,1911.75
