0.0,68.0,54.0,135.0,94.0,77.0,116.0
68.0,0.0,148.0,190.0,72.0,157.0,147.0
54.0,148.0,0.0,120.0,172.0,84.0,84.0
135.0,190.0,120.0,0.0,148.0,104.0,120.0
94.0,72.0,172.0,148.0,0.0,160.0,16.0
77.0,157.0,84.0,104.0,160.0,0.0,104.0
116.0,147.0,84.0,120.0,16.0,104.0,0.0
1777.5,1777.5,1777.5,1777.5,1777.5,1777.5,1777.5
