0.0,118.0,157.0,123.0,177.0,146.0,73.0,54.0
118.0,0.0,188.0,102.0,34.0,15.0,48.0,82.0
157.0,188.0,0.0,35.0,118.0,116.0,123.0,117.0
123.0,102.0,35.0,0.0,66.0,6.0,101.0,143.0
177.0,34.0,118.0,66.0,0.0,68.0,136.0,119.0
146.0,15.0,116.0,6.0,68.0,0.0,121.0,96.0
73.0,48.0,123.0,101.0,136.0,121.0,0.0,77.0
54.0,82.0,117.0,143.0,119.0,96.0,77.0,0.0
2069.25,2069.25,2069.25,2069.25,2069.25,2069.25,2069.25,2069.25
