0.0,115.0,119.0,95.0,128.0,57.0
115.0,0.0,99.0,97.0,38.0,140.0
119.0,99.0,0.0,69.0,63.0,98.0
95.0,97.0,69.0,0.0,144.0,110.0
128.0,38.0,63.0,144.0,0.0,38.0
57.0,140.0,98.0,110.0,38.0,0.0
1057.5,1057.5,1057.5,1057.5,1057.5,1057.5
