0.0,102.0,78.0,86.0,91.0,84.0,104.0
102.0,0.0,68.0,80.0,144.0,105.0,157.0
78.0,68.0,0.0,102.0,72.0,133.0,104.0
86.0,80.0,102.0,0.0,86.0,127.0,102.0
91.0,144.0,72.0,86.0,0.0,47.0,124.0
84.0,105.0,133.0,127.0,47.0,0.0,145.0
104.0,157.0,104.0,102.0,124.0,145.0,0.0
1605.75,1605.75,1605.75,1605.75,1605.75,1605.75,1605.75
