0.0,107.0,58.0,103.0,88.0,133.0,111.0,167.0
107.0,0.0,122.0,169.0,187.0,149.0,25.0,58.0
58.0,122.0,0.0,98.0,137.0,53.0,129.0,26.0
103.0,169.0,98.0,0.0,141.0,64.0,132.0,77.0
88.0,187.0,137.0,141.0,0.0,58.0,131.0,69.0
133.0,149.0,53.0,64.0,58.0,0.0,76.0,15.0
111.0,25.0,129.0,132.0,131.0,76.0,0.0,138.0
167.0,58.0,26.0,77.0,69.0,15.0,138.0,0.0
2115.75,2115.75,2115.75,2115.75,2115.75,2115.75,2115.75,2115.75
