0.0,100.0,93.0,66.0,94.0,28.0
100.0,0.0,103.0,133.0,69.0,82.0
93.0,103.0,0.0,88.0,95.0,165.0
66.0,133.0,88.0,0.0,57.0,48.0
94.0,69.0,95.0,57.0,0.0,103.0
28.0,82.0,165.0,48.0,103.0,0.0
993.0,993.0,993.0,993.0,993.0,993.0
