0.0,76.0,81.0,159.0,19.0,134.0
76.0,0.0,159.0,58.0,188.0,125.0
81.0,159.0,0.0,126.0,87.0,112.0
159.0,58.0,126.0,0.0,87.0,134.0
19.0,188.0,87.0,87.0,0.0,117.0
134.0,125.0,112.0,134.0,117.0,0.0
1246.5,1246.5,1246.5,1246.5,1246.5,1246.5
