0.0,117.0,138.0,104.0,114.0,94.0,106.0,103.0
117.0,0.0,142.0,173.0,105.0,161.0,110.0,136.0
138.0,142.0,0.0,99.0,169.0,98.0,109.0,124.0
104.0,173.0,99.0,0.0,9.0,99.0,103.0,101.0
114.0,105.0,169.0,9.0,0.0,76.0,37.0,39.0
94.0,161.0,98.0,99.0,76.0,0.0,12.0,152.0
106.0,110.0,109.0,103.0,37.0,12.0,0.0,74.0
103.0,136.0,124.0,101.0,39.0,152.0,74.0,0.0
2178.0,2178.0,2178.0,2178.0,2178.0,2178.0,2178.0,2178.0
