0.0,74.0,104.0,99.0,146.0,111.0,78.0
74.0,0.0,127.0,119.0,153.0,126.0,109.0
104.0,127.0,0.0,28.0,122.0,115.0,111.0
99.0,119.0,28.0,0.0,82.0,116.0,126.0
146.0,153.0,122.0,82.0,0.0,142.0,67.0
111.0,126.0,115.0,116.0,142.0,0.0,86.0
78.0,109.0,111.0,126.0,67.0,86.0,0.0
1680.75,1680.75,1680.75,1680.75,1680.75,1680.75,1680.75
