0.0,144.0,144.0,15.0,184.0,74.0,36.0
144.0,0.0,105.0,83.0,94.0,120.0,88.0
144.0,105.0,0.0,126.0,62.0,40.0,129.0
15.0,83.0,126.0,0.0,144.0,145.0,90.0
184.0,94.0,62.0,144.0,0.0,115.0,96.0
74.0,120.0,40.0,145.0,115.0,0.0,131.0
36.0,88.0,129.0,90.0,96.0,131.0,0.0
1623.75,1623.75,1623.75,1623.75,1623.75,1623.75,1623.75
