0.0,164.0,149.0,176.0,174.0,66.0
164.0,0.0,108.0,127.0,77.0,83.0
149.0,108.0,0.0,81.0,87.0,90.0
176.0,127.0,81.0,0.0,61.0,48.0
174.0,77.0,87.0,61.0,0.0,69.0
66.0,83.0,90.0,48.0,69.0,0.0
1170.0,1170.0,1170.0,1170.0,1170.0,1170.0
