0.0,92.0,75.0,130.0,61.0,106.0
92.0,0.0,97.0,101.0,63.0,146.0
75.0,97.0,0.0,13.0,80.0,184.0
130.0,101.0,13.0,0.0,141.0,100.0
61.0,63.0,80.0,141.0,0.0,159.0
106.0,146.0,184.0,100.0,159.0,0.0
1161.0,1161.0,1161.0,1161.0,1161.0,1161.0
