0.0,17.0,101.0,153.0,80.0,115.0,62.0,52.0
17.0,0.0,136.0,128.0,93.0,153.0,73.0,56.0
101.0,136.0,0.0,66.0,180.0,169.0,79.0,59.0
153.0,128.0,66.0,0.0,78.0,33.0,95.0,72.0
80.0,93.0,180.0,78.0,0.0,178.0,142.0,54.0
115.0,153.0,169.0,33.0,178.0,0.0,64.0,60.0
62.0,73.0,79.0,95.0,142.0,64.0,0.0,154.0
52.0,56.0,59.0,72.0,54.0,60.0,154.0,0.0
2026.5,2026.5,2026.5,2026.5,2026.5,2026.5,2026.5,2026.5
