0.0,67.0,115.0,113.0,140.0,147.0,74.0,22.0
67.0,0.0,167.0,46.0,104.0,49.0,92.0,45.0
115.0,167.0,0.0,152.0,109.0,129.0,124.0,46.0
113.0,46.0,152.0,0.0,57.0,45.0,136.0,104.0
140.0,104.0,109.0,57.0,0.0,57.0,107.0,102.0
147.0,49.0,129.0,45.0,57.0,0.0,179.0,134.0
74.0,92.0,124.0,136.0,107.0,179.0,0.0,160.0
22.0,45.0,46.0,104.0,102.0,134.0,160.0,0.0
2116.5,2116.5,2116.5,2116.5,2116.5,2116.5,2116.5,2116.5
