0.0,112.0,56.0,127.0,96.0,77.0,144.0,142.0
112.0,0.0,113.0,74.0,100.0,98.0,169.0,25.0
56.0,113.0,0.0,58.0,52.0,68.0,63.0,130.0
127.0,74.0,58.0,0.0,78.0,145.0,133.0,155.0
96.0,100.0,52.0,78.0,0.0,30.0,21.0,135.0
77.0,98.0,68.0,145.0,30.0,0.0,129.0,131.0
144.0,169.0,63.0,133.0,21.0,129.0,0.0,173.0
142.0,25.0,130.0,155.0,135.0,131.0,173.0,0.0
2125.5,2125.5,2125.5,2125.5,2125.5,2125.5,2125.5,2125.5
