0.0,111.0,125.0,157.0,156.0,34.0,137.0
111.0,0.0,121.0,81.0,134.0,54.0,17.0
125.0,121.0,0.0,164.0,121.0,118.0,117.0
157.0,81.0,164.0,0.0,105.0,116.0,92.0
156.0,134.0,121.0,105.0,0.0,150.0,159.0
34.0,54.0,118.0,116.0,150.0,0.0,148.0
137.0,17.0,117.0,92.0,159.0,148.0,0.0
1812.75,1812.75,1812.75,1812.75,1812.75,1812.75,1812.75
