0.0,61.0,109.0,134.0,104.0,41.0,94.0
61.0,0.0,62.0,70.0,147.0,128.0,71.0
109.0,62.0,0.0,133.0,53.0,65.0,126.0
134.0,70.0,133.0,0.0,98.0,106.0,97.0
104.0,147.0,53.0,98.0,0.0,132.0,67.0
41.0,128.0,65.0,106.0,132.0,0.0,134.0
94.0,71.0,126.0,97.0,67.0,134.0,0.0
1524.0,1524.0,1524.0,1524.0,1524.0,1524.0,1524.0
