0.0,79.0,96.0,143.0,21.0,97.0,165.0,32.0
79.0,0.0,67.0,142.0,138.0,83.0,73.0,112.0
96.0,67.0,0.0,125.0,76.0,76.0,90.0,127.0
143.0,142.0,125.0,0.0,152.0,105.0,144.0,84.0
21.0,138.0,76.0,152.0,0.0,17.0,102.0,107.0
97.0,83.0,76.0,105.0,17.0,0.0,122.0,73.0
165.0,73.0,90.0,144.0,102.0,122.0,0.0,103.0
32.0,112.0,127.0,84.0,107.0,73.0,103.0,0.0
2063.25,2063.25,2063.25,2063.25,2063.25,2063.25,2063.25,2063.25
