0.0,188.0,103.0,117.0,104.0,166.0,165.0,124.0
188.0,0.0,120.0,73.0,163.0,117.0,42.0,82.0
103.0,120.0,0.0,10.0,160.0,161.0,108.0,90.0
117.0,73.0,10.0,0.0,59.0,75.0,38.0,71.0
104.0,163.0,160.0,59.0,0.0,164.0,127.0,116.0
166.0,117.0,161.0,75.0,164.0,0.0,160.0,98.0
165.0,42.0,108.0,38.0,127.0,160.0,0.0,98.0
124.0,82.0,90.0,71.0,116.0,98.0,98.0,0.0
2324.25,2324.25,2324.25,2324.25,2324.25,2324.25,2324.25,2324.25
