0.0,70.0,63.0,149.0,97.0,31.0,77.0,60.0
70.0,0.0,64.0,91.0,99.0,12.0,157.0,77.0
63.0,64.0,0.0,126.0,180.0,17.0,44.0,91.0
149.0,91.0,126.0,0.0,145.0,87.0,126.0,69.0
97.0,99.0,180.0,145.0,0.0,89.0,89.0,138.0
31.0,12.0,17.0,87.0,89.0,0.0,143.0,47.0
77.0,157.0,44.0,126.0,89.0,143.0,0.0,89.0
60.0,77.0,91.0,69.0,138.0,47.0,89.0,0.0
1895.25,1895.25,1895.25,1895.25,1895.25,1895.25,1895.25,1895.25
