0.0,26.0,126.0,159.0,120.0,111.0,104.0,142.0
26.0,0.0,171.0,153.0,127.0,66.0,128.0,178.0
126.0,171.0,0.0,72.0,165.0,69.0,83.0,108.0
159.0,153.0,72.0,0.0,47.0,150.0,148.0,56.0
120.0,127.0,165.0,47.0,0.0,17.0,169.0,158.0
111.0,66.0,69.0,150.0,17.0,0.0,91.0,114.0
104.0,128.0,83.0,148.0,169.0,91.0,0.0,63.0
142.0,178.0,108.0,56.0,158.0,114.0,63.0,0.0
2340.75,2340.75,2340.75,2340.75,2340.75,2340.75,2340.75,2340.75
