0.0,72.0,79.0,25.0,115.0,90.0,104.0,109.0,195.0
72.0,0.0,96.0,92.0,163.0,76.0,38.0,80.0,92.0
79.0,96.0,0.0,58.0,146.0,92.0,100.0,73.0,164.0
25.0,92.0,58.0,0.0,82.0,120.0,79.0,111.0,31.0
115.0,163.0,146.0,82.0,0.0,81.0,76.0,124.0,177.0
90.0,76.0,92.0,120.0,81.0,0.0,100.0,139.0,162.0
104.0,38.0,100.0,79.0,76.0,100.0,0.0,86.0,113.0
109.0,80.0,73.0,111.0,124.0,139.0,86.0,0.0,116.0
195.0,92.0,164.0,31.0,177.0,162.0,113.0,116.0,0.0
2742.0,2742.0,2742.0,2742.0,2742.0,2742.0,2742.0,2742.0,2742.0
