0.0,40.0,91.0,82.0,135.0,13.0,118.0
40.0,0.0,165.0,75.0,87.0,92.0,97.0
91.0,165.0,0.0,96.0,23.0,101.0,100.0
82.0,75.0,96.0,0.0,160.0,110.0,39.0
135.0,87.0,23.0,160.0,0.0,106.0,116.0
13.0,92.0,101.0,110.0,106.0,0.0,41.0
118.0,97.0,100.0,39.0,116.0,41.0,0.0
1415.25,1415.25,1415.25,1415.25,1415.25,1415.25,1415.25
