0.0,127.0,87.0,141.0,136.0,135.0
127.0,0.0,177.0,141.0,67.0,56.0
87.0,177.0,0.0,114.0,194.0,109.0
141.0,141.0,114.0,0.0,106.0,180.0
136.0,67.0,194.0,106.0,0.0,100.0
135.0,56.0,109.0,180.0,100.0,0.0
1402.5,1402.5,1402.5,1402.5,1402.5,1402.5
