0.0,79.0,166.0,100.0,105.0,66.0,112.0,139.0
79.0,0.0,83.0,181.0,124.0,109.0,130.0,128.0
166.0,83.0,0.0,136.0,77.0,35.0,99.0,149.0
100.0,181.0,136.0,0.0,98.0,133.0,36.0,183.0
105.0,124.0,77.0,98.0,0.0,105.0,95.0,66.0
66.0,109.0,35.0,133.0,105.0,0.0,164.0,41.0
112.0,130.0,99.0,36.0,95.0,164.0,0.0,153.0
139.0,128.0,149.0,183.0,66.0,41.0,153.0,0.0
2319.0,2319.0,2319.0,2319.0,2319.0,2319.0,2319.0,2319.0
