0.0,161.0,83.0,109.0,83.0,60.0,111.0,158.0,121.0
161.0,0.0,79.0,152.0,123.0,171.0,123.0,88.0,122.0
83.0,79.0,0.0,60.0,72.0,124.0,103.0,92.0,48.0
109.0,152.0,60.0,0.0,140.0,181.0,62.0,96.0,50.0
83.0,123.0,72.0,140.0,0.0,138.0,108.0,49.0,29.0
60.0,171.0,124.0,181.0,138.0,0.0,145.0,77.0,147.0
111.0,123.0,103.0,62.0,108.0,145.0,0.0,106.0,83.0
158.0,88.0,92.0,96.0,49.0,77.0,106.0,0.0,130.0
121.0,122.0,48.0,50.0,29.0,147.0,83.0,130.0,0.0
2838.0,2838.0,2838.0,2838.0,2838.0,2838.0,2838.0,2838.0,2838.0
