0.0,151.0,87.0,107.0,149.0,142.0,91.0
151.0,0.0,158.0,51.0,120.0,149.0,143.0
87.0,158.0,0.0,85.0,114.0,77.0,70.0
107.0,51.0,85.0,0.0,59.0,124.0,126.0
149.0,120.0,114.0,59.0,0.0,73.0,109.0
142.0,149.0,77.0,124.0,73.0,0.0,88.0
91.0,143.0,70.0,126.0,109.0,88.0,0.0
1704.75,1704.75,1704.75,1704.75,1704.75,1704.75,1704.75
