0.0,75.0,68.0,87.0,89.0,147.0,95.0
75.0,0.0,143.0,85.0,158.0,121.0,73.0
68.0,143.0,0.0,176.0,84.0,54.0,134.0
87.0,85.0,176.0,0.0,98.0,98.0,142.0
89.0,158.0,84.0,98.0,0.0,89.0,87.0
147.0,121.0,54.0,98.0,89.0,0.0,87.0
95.0,73.0,134.0,142.0,87.0,87.0,0.0
1642.5,1642.5,1642.5,1642.5,1642.5,1642.5,1642.5
