0.0,99.0,11.0,107.0,28.0,153.0,30.0,36.0,117.0
99.0,0.0,142.0,45.0,33.0,132.0,32.0,145.0,144.0
11.0,142.0,0.0,106.0,76.0,159.0,70.0,89.0,108.0
107.0,45.0,106.0,0.0,129.0,97.0,98.0,91.0,186.0
28.0,33.0,76.0,129.0,0.0,150.0,23.0,106.0,92.0
153.0,132.0,159.0,97.0,150.0,0.0,108.0,141.0,114.0
30.0,32.0,70.0,98.0,23.0,108.0,0.0,81.0,72.0
36.0,145.0,89.0,91.0,106.0,141.0,81.0,0.0,138.0
117.0,144.0,108.0,186.0,92.0,114.0,72.0,138.0,0.0
2616.0,2616.0,2616.0,2616.0,2616.0,2616.0,2616.0,2616.0,2616.0
