0.0,127.0,94.0,113.0,79.0,22.0,71.0,29.0,70.0
127.0,0.0,94.0,128.0,130.0,154.0,39.0,74.0,54.0
94.0,94.0,0.0,109.0,49.0,22.0,130.0,137.0,73.0
113.0,128.0,109.0,0.0,74.0,54.0,111.0,117.0,95.0
79.0,130.0,49.0,74.0,0.0,55.0,95.0,29.0,21.0
22.0,154.0,22.0,54.0,55.0,0.0,99.0,101.0,88.0
71.0,39.0,130.0,111.0,95.0,99.0,0.0,92.0,14.0
29.0,74.0,137.0,117.0,29.0,101.0,92.0,0.0,128.0
70.0,54.0,73.0,95.0,21.0,88.0,14.0,128.0,0.0
2228.25,2228.25,2228.25,2228.25,2228.25,2228.25,2228.25,2228.25,2228.25
