0.0,176.0,95.0,123.0,136.0,98.0,55.0
176.0,0.0,152.0,76.0,121.0,89.0,76.0
95.0,152.0,0.0,137.0,33.0,81.0,157.0
123.0,76.0,137.0,0.0,87.0,98.0,118.0
136.0,121.0,33.0,87.0,0.0,108.0,96.0
98.0,89.0,81.0,98.0,108.0,0.0,59.0
55.0,76.0,157.0,118.0,96.0,59.0,0.0
1628.25,1628.25,1628.25,1628.25,1628.25,1628.25,1628.25
