0.0,61.0,121.0,135.0,157.0,107.0,142.0,138.0
61.0,0.0,105.0,114.0,96.0,26.0,178.0,97.0
121.0,105.0,0.0,43.0,120.0,101.0,137.0,102.0
135.0,114.0,43.0,0.0,63.0,116.0,108.0,182.0
157.0,96.0,120.0,63.0,0.0,8.0,20.0,82.0
107.0,26.0,101.0,116.0,8.0,0.0,150.0,99.0
142.0,178.0,137.0,108.0,20.0,150.0,0.0,58.0
138.0,97.0,102.0,182.0,82.0,99.0,58.0,0.0
2149.5,2149.5,2149.5,2149.5,2149.5,2149.5,2149.5,2149.5
