0.0,103.0,61.0,66.0,157.0,90.0,135.0,69.0,79.0
103.0,0.0,120.0,100.0,9.0,108.0,78.0,127.0,85.0
61.0,120.0,0.0,65.0,128.0,105.0,86.0,133.0,102.0
66.0,100.0,65.0,0.0,101.0,118.0,156.0,138.0,68.0
157.0,9.0,128.0,101.0,0.0,50.0,46.0,118.0,79.0
90.0,108.0,105.0,118.0,50.0,0.0,141.0,79.0,64.0
135.0,78.0,86.0,156.0,46.0,141.0,0.0,109.0,57.0
69.0,127.0,133.0,138.0,118.0,79.0,109.0,0.0,122.0
79.0,85.0,102.0,68.0,79.0,64.0,57.0,122.0,0.0
2589.0,2589.0,2589.0,2589.0,2589.0,2589.0,2589.0,2589.0,2589.0
