0.0,85.0,103.0,107.0,77.0,128.0,73.0
85.0,0.0,76.0,81.0,119.0,85.0,54.0
103.0,76.0,0.0,87.0,134.0,53.0,147.0
107.0,81.0,87.0,0.0,124.0,71.0,132.0
77.0,119.0,134.0,124.0,0.0,112.0,118.0
128.0,85.0,53.0,71.0,112.0,0.0,55.0
73.0,54.0,147.0,132.0,118.0,55.0,0.0
1515.75,1515.75,1515.75,1515.75,1515.75,1515.75,1515.75
