0.0,45.0,96.0,150.0,41.0,160.0,83.0,77.0,87.0
45.0,0.0,66.0,61.0,61.0,88.0,124.0,159.0,26.0
96.0,66.0,0.0,97.0,38.0,46.0,86.0,118.0,65.0
150.0,61.0,97.0,0.0,145.0,56.0,97.0,182.0,95.0
41.0,61.0,38.0,145.0,0.0,63.0,175.0,69.0,65.0
160.0,88.0,46.0,56.0,63.0,0.0,122.0,45.0,22.0
83.0,124.0,86.0,97.0,175.0,122.0,0.0,122.0,133.0
77.0,159.0,118.0,182.0,69.0,45.0,122.0,0.0,111.0
87.0,26.0,65.0,95.0,65.0,22.0,133.0,111.0,0.0
2457.0,2457.0,2457.0,2457.0,2457.0,2457.0,2457.0,2457.0,2457.0
