0.0,54.0,166.0,99.0,177.0,35.0,106.0,88.0,144.0
54.0,0.0,80.0,124.0,24.0,176.0,77.0,121.0,71.0
166.0,80.0,0.0,78.0,130.0,146.0,92.0,118.0,126.0
99.0,124.0,78.0,0.0,107.0,73.0,115.0,101.0,152.0
177.0,24.0,130.0,107.0,0.0,79.0,82.0,44.0,71.0
35.0,176.0,146.0,73.0,79.0,0.0,105.0,116.0,69.0
106.0,77.0,92.0,115.0,82.0,105.0,0.0,113.0,131.0
88.0,121.0,118.0,101.0,44.0,116.0,113.0,0.0,68.0
144.0,71.0,126.0,152.0,71.0,69.0,131.0,68.0,0.0
2743.5,2743.5,2743.5,2743.5,2743.5,2743.5,2743.5,2743.5,2743.5
