0.0,60.0,100.0,108.0,79.0,29.0,118.0,58.0
60.0,0.0,106.0,99.0,68.0,109.0,62.0,43.0
100.0,106.0,0.0,118.0,36.0,95.0,66.0,134.0
108.0,99.0,118.0,0.0,69.0,166.0,107.0,102.0
79.0,68.0,36.0,69.0,0.0,137.0,79.0,73.0
29.0,109.0,95.0,166.0,137.0,0.0,54.0,101.0
118.0,62.0,66.0,107.0,79.0,54.0,0.0,121.0
58.0,43.0,134.0,102.0,73.0,101.0,121.0,0.0
1872.75,1872.75,1872.75,1872.75,1872.75,1872.75,1872.75,1872.75
