0.0,12.0,72.0,114.0,176.0,93.0,135.0
12.0,0.0,118.0,68.0,13.0,160.0,36.0
72.0,118.0,0.0,95.0,83.0,80.0,179.0
114.0,68.0,95.0,0.0,105.0,94.0,31.0
176.0,13.0,83.0,105.0,0.0,126.0,141.0
93.0,160.0,80.0,94.0,126.0,0.0,115.0
135.0,36.0,179.0,31.0,141.0,115.0,0.0
1534.5,1534.5,1534.5,1534.5,1534.5,1534.5,1534.5
