0.0,130.0,74.0,80.0,88.0,93.0
130.0,0.0,75.0,68.0,118.0,51.0
74.0,75.0,0.0,13.0,92.0,46.0
80.0,68.0,13.0,0.0,126.0,103.0
88.0,118.0,92.0,126.0,0.0,169.0
93.0,51.0,46.0,103.0,169.0,0.0
994.5,994.5,994.5,994.5,994.5,994.5
