0.0,57.0,67.0,60.0,50.0,94.0
57.0,0.0,81.0,59.0,19.0,105.0
67.0,81.0,0.0,113.0,179.0,112.0
60.0,59.0,113.0,0.0,139.0,135.0
50.0,19.0,179.0,139.0,0.0,31.0
94.0,105.0,112.0,135.0,31.0,0.0
975.75,975.75,975.75,975.75,975.75,975.75
