0.0,77.0,58.0,154.0,76.0,113.0,67.0,149.0,157.0
77.0,0.0,100.0,75.0,145.0,129.0,126.0,89.0,121.0
58.0,100.0,0.0,163.0,55.0,141.0,92.0,61.0,95.0
154.0,75.0,163.0,0.0,117.0,87.0,123.0,10.0,106.0
76.0,145.0,55.0,117.0,0.0,60.0,39.0,135.0,97.0
113.0,129.0,141.0,87.0,60.0,0.0,121.0,161.0,17.0
67.0,126.0,92.0,123.0,39.0,121.0,0.0,87.0,98.0
149.0,89.0,61.0,10.0,135.0,161.0,87.0,0.0,59.0
157.0,121.0,95.0,106.0,97.0,17.0,98.0,59.0,0.0
2670.0,2670.0,2670.0,2670.0,2670.0,2670.0,2670.0,2670.0,2670.0
