0.0,97.0,153.0,63.0,154.0,129.0,92.0,62.0,87.0
97.0,0.0,109.0,99.0,57.0,27.0,103.0,45.0,77.0
153.0,109.0,0.0,131.0,97.0,70.0,109.0,129.0,152.0
63.0,99.0,131.0,0.0,100.0,191.0,35.0,89.0,75.0
154.0,57.0,97.0,100.0,0.0,139.0,132.0,123.0,131.0
129.0,27.0,70.0,191.0,139.0,0.0,138.0,188.0,50.0
92.0,103.0,109.0,35.0,132.0,138.0,0.0,98.0,146.0
62.0,45.0,129.0,89.0,123.0,188.0,98.0,0.0,133.0
87.0,77.0,152.0,75.0,131.0,50.0,146.0,133.0,0.0
2857.5,2857.5,2857.5,2857.5,2857.5,2857.5,2857.5,2857.5,2857.5
