0.0,180.0,167.0,126.0,156.0,176.0
180.0,0.0,64.0,109.0,84.0,87.0
167.0,64.0,0.0,104.0,47.0,93.0
126.0,109.0,104.0,0.0,139.0,133.0
156.0,84.0,47.0,139.0,0.0,161.0
176.0,87.0,93.0,133.0,161.0,0.0
1369.5,1369.5,1369.5,1369.5,1369.5,1369.5
