0.0,8.0,129.0,39.0,101.0,170.0
8.0,0.0,121.0,92.0,92.0,114.0
129.0,121.0,0.0,10.0,62.0,109.0
39.0,92.0,10.0,0.0,114.0,97.0
101.0,92.0,62.0,114.0,0.0,183.0
170.0,114.0,109.0,97.0,183.0,0.0
1080.75,1080.75,1080.75,1080.75,1080.75,1080.75
