0.0,72.0,67.0,27.0,136.0,78.0,13.0,36.0
72.0,0.0,44.0,36.0,93.0,126.0,79.0,78.0
67.0,44.0,0.0,76.0,113.0,15.0,88.0,78.0
27.0,36.0,76.0,0.0,133.0,93.0,127.0,24.0
136.0,93.0,113.0,133.0,0.0,114.0,62.0,79.0
78.0,126.0,15.0,93.0,114.0,0.0,137.0,124.0
13.0,79.0,88.0,127.0,62.0,137.0,0.0,139.0
36.0,78.0,78.0,24.0,79.0,124.0,139.0,0.0
1715.25,1715.25,1715.25,1715.25,1715.25,1715.25,1715.25,1715.25
