0.0,62.0,96.0,94.0,85.0,124.0
62.0,0.0,96.0,95.0,94.0,100.0
96.0,96.0,0.0,83.0,87.0,78.0
94.0,95.0,83.0,0.0,152.0,158.0
85.0,94.0,87.0,152.0,0.0,97.0
124.0,100.0,78.0,158.0,97.0,0.0
1125.75,1125.75,1125.75,1125.75,1125.75,1125.75
