0.0,142.0,113.0,111.0,97.0,87.0
142.0,0.0,177.0,100.0,109.0,84.0
113.0,177.0,0.0,21.0,54.0,146.0
111.0,100.0,21.0,0.0,59.0,150.0
97.0,109.0,54.0,59.0,0.0,76.0
87.0,84.0,146.0,150.0,76.0,0.0
1144.5,1144.5,1144.5,1144.5,1144.5,1144.5
