0,103,96,89,68,60,67
103,0,133,101,38,120,53
96,133,0,127,145,150,13
89,101,127,0,136,106,177
68,38,145,136,0,167,85
60,120,150,106,167,0,104
67,53,13,177,85,104,0
