0,76,113,137,60,98
76,0,103,85,62,103
113,103,0,67,114,103
137,85,67,0,108,120
60,62,114,108,0,125
98,103,103,120,125,0
