0,42,42,109,8,118
42,0,54,54,39,110
42,54,0,94,43,81
109,54,94,0,71,60
8,39,43,71,0,74
118,110,81,60,74,0
