0,157,15,95,69,151
157,0,61,116,175,138
15,61,0,54,98,85
95,116,54,0,164,128
69,175,98,164,0,83
151,138,85,128,83,0
