0,36,27,51,166,91,57
36,0,58,52,195,150,53
27,58,0,123,142,146,86
51,52,123,0,106,34,158
166,195,142,106,0,70,74
91,150,146,34,70,0,55
57,53,86,158,74,55,0
