0,77,124,105,76,178
77,0,130,57,103,158
124,130,0,58,99,159
105,57,58,0,84,132
76,103,99,84,0,142
178,158,159,132,142,0
