0,166,104,151,119,65,102
166,0,172,93,122,93,72
104,172,0,110,43,68,99
151,93,110,0,121,49,93
119,122,43,121,0,73,80
65,93,68,49,73,0,88
102,72,99,93,80,88,0
