0,85,154,128,107,143,40
85,0,73,122,54,164,179
154,73,0,64,150,60,47
128,122,64,0,125,135,89
107,54,150,125,0,194,116
143,164,60,135,194,0,126
40,179,47,89,116,126,0
