0,99,157,117,80,92,127
99,0,25,47,125,105,96
157,25,0,72,85,39,94
117,47,72,0,45,57,98
80,125,85,45,0,63,119
92,105,39,57,63,0,68
127,96,94,98,119,68,0
