0,26,170,191,90,64
26,0,122,83,48,127
170,122,0,141,61,40
191,83,141,0,81,130
90,48,61,81,0,98
64,127,40,130,98,0
