0,46,85,49,64,74,83
46,0,91,117,114,109,67
85,91,0,131,67,107,119
49,117,131,0,114,179,82
64,114,67,114,0,40,111
74,109,107,179,40,0,128
83,67,119,82,111,128,0
