0,135,93,36,46,107,27
135,0,148,108,163,52,70
93,148,0,143,88,85,62
36,108,143,0,110,142,90
46,163,88,110,0,169,92
107,52,85,142,169,0,114
27,70,62,90,92,114,0
