0,101,93,111,72,130,75
101,0,131,15,98,88,120
93,131,0,113,24,71,46
111,15,113,0,107,39,83
72,98,24,107,0,127,125
130,88,71,39,127,0,139
75,120,46,83,125,139,0
