0,140,118,94,115,97
140,0,52,54,80,53
118,52,0,41,139,158
94,54,41,0,151,158
115,80,139,151,0,147
97,53,158,158,147,0
