0,168,40,59,129,154
168,0,126,162,100,130
40,126,0,67,80,94
59,162,67,0,133,172
129,100,80,133,0,79
154,130,94,172,79,0
