0.0,10.0,53.0,121.0,80.0,59.0,155.0,86.0
10.0,0.0,175.0,125.0,123.0,58.0,22.0,74.0
53.0,175.0,0.0,150.0,158.0,106.0,142.0,103.0
121.0,125.0,150.0,0.0,127.0,85.0,153.0,108.0
80.0,123.0,158.0,127.0,0.0,93.0,110.0,89.0
59.0,58.0,106.0,85.0,93.0,0.0,126.0,7.0
155.0,22.0,142.0,153.0,110.0,126.0,0.0,80.0
86.0,74.0,103.0,108.0,89.0,7.0,80.0,0.0
2083.5,2083.5,2083.5,2083.5,2083.5,2083.5,2083.5,2083.5
