0.0,138.0,142.0,105.0,77.0,74.0,67.0,44.0,112.0
138.0,0.0,104.0,110.0,140.0,43.0,110.0,76.0,54.0
142.0,104.0,0.0,87.0,142.0,131.0,82.0,70.0,101.0
105.0,110.0,87.0,0.0,36.0,131.0,73.0,174.0,93.0
77.0,140.0,142.0,36.0,0.0,159.0,97.0,84.0,84.0
74.0,43.0,131.0,131.0,159.0,0.0,88.0,59.0,88.0
67.0,110.0,82.0,73.0,97.0,88.0,0.0,121.0,101.0
44.0,76.0,70.0,174.0,84.0,59.0,121.0,0.0,103.0
112.0,54.0,101.0,93.0,84.0,88.0,101.0,103.0,0.0
2625.0,2625.0,2625.0,2625.0,2625.0,2625.0,2625.0,2625.0,2625.0
