0,122,58,54,168,129,114
122,0,128,142,148,66,132
58,128,0,77,88,159,89
54,142,77,0,134,119,37
168,148,88,134,0,160,108
129,66,159,119,160,0,114
114,132,89,37,108,114,0
