0,105,88,109,48,69
105,0,151,48,118,151
88,151,0,97,89,135
109,48,97,0,168,37
48,118,89,168,0,92
69,151,135,37,92,0
