0,80,108,121,69,43
80,0,100,189,96,46
108,100,0,132,40,109
121,189,132,0,88,72
69,96,40,88,0,59
43,46,109,72,59,0
