0,147,136,130,125,191
147,0,38,117,115,155
136,38,0,35,83,128
130,117,35,0,166,101
125,115,83,166,0,66
191,155,128,101,66,0
