0,112,84,124,102,179,147
112,0,71,99,65,134,78
84,71,0,146,149,130,179
124,99,146,0,22,82,152
102,65,149,22,0,83,150
179,134,130,82,83,0,90
147,78,179,152,150,90,0
