0,70,81,120,105,184,93
70,0,112,103,148,67,153
81,112,0,24,160,104,102
120,103,24,0,123,163,127
105,148,160,123,0,127,112
184,67,104,163,127,0,66
93,153,102,127,112,66,0
