0,94,139,99,99,86,147
94,0,78,57,152,114,133
139,78,0,112,88,186,13
99,57,112,0,78,131,108
99,152,88,78,0,142,54
86,114,186,131,142,0,75
147,133,13,108,54,75,0
