0,78,133,159,76,166
78,0,106,136,52,32
133,106,0,106,86,78
159,136,106,0,171,112
76,52,86,171,0,47
166,32,78,112,47,0
