0,87,84,57,103,70
87,0,125,85,160,74
84,125,0,96,134,129
57,85,96,0,141,53
103,160,134,141,0,102
70,74,129,53,102,0
