0,141,61,70,130,59,40
141,0,82,103,94,137,77
61,82,0,83,148,136,115
70,103,83,0,80,100,104
130,94,148,80,0,121,94
59,137,136,100,121,0,157
40,77,115,104,94,157,0
