0,53,105,45,168,196,127
53,0,113,22,87,172,43
105,113,0,171,119,124,62
45,22,171,0,57,19,130
168,87,119,57,0,55,98
196,172,124,19,55,0,74
127,43,62,130,98,74,0
