0,89,61,35,69,109
89,0,87,51,85,107
61,87,0,92,33,65
35,51,92,0,61,91
69,85,33,61,0,98
109,107,65,91,98,0
