0,148,34,90,160,121
148,0,90,137,35,149
34,90,0,120,68,68
90,137,120,0,147,170
160,35,68,147,0,36
121,149,68,170,36,0
