0,61,147,65,81,64
61,0,182,104,111,32
147,182,0,45,34,61
65,104,45,0,65,80
81,111,34,65,0,152
64,32,61,80,152,0
