0,102,146,72,49,154
102,0,98,76,153,145
146,98,0,55,178,93
72,76,55,0,30,91
49,153,178,30,0,39
154,145,93,91,39,0
