0,75,57,130,100,63
75,0,110,73,32,153
57,110,0,118,135,94
130,73,118,0,72,88
100,32,135,72,0,93
63,153,94,88,93,0
