0.0,164.0,118.0,116.0,92.0,105.0,55.0,79.0
164.0,0.0,66.0,130.0,126.0,108.0,67.0,159.0
118.0,66.0,0.0,59.0,141.0,81.0,138.0,62.0
116.0,130.0,59.0,0.0,87.0,112.0,123.0,72.0
92.0,126.0,141.0,87.0,0.0,52.0,71.0,85.0
105.0,108.0,81.0,112.0,52.0,0.0,130.0,42.0
55.0,67.0,138.0,123.0,71.0,130.0,0.0,107.0
79.0,159.0,62.0,72.0,85.0,42.0,107.0,0.0
2060.25,2060.25,2060.25,2060.25,2060.25,2060.25,2060.25,2060.25
