0.0,80.0,31.0,181.0,106.0,114.0
80.0,0.0,102.0,25.0,113.0,144.0
31.0,102.0,0.0,95.0,100.0,149.0
181.0,25.0,95.0,0.0,173.0,88.0
106.0,113.0,100.0,173.0,0.0,149.0
114.0,144.0,149.0,88.0,149.0,0.0
1237.5,1237.5,1237.5,1237.5,1237.5,1237.5
