0.0,127.0,73.0,42.0,45.0,85.0,74.0
127.0,0.0,93.0,147.0,144.0,108.0,56.0
73.0,93.0,0.0,87.0,69.0,70.0,188.0
42.0,147.0,87.0,0.0,111.0,81.0,89.0
45.0,144.0,69.0,111.0,0.0,25.0,167.0
85.0,108.0,70.0,81.0,25.0,0.0,126.0
74.0,56.0,188.0,89.0,167.0,126.0,0.0
1505.25,1505.25,1505.25,1505.25,1505.25,1505.25,1505.25
