0.0,146.0,103.0,30.0,128.0,153.0,133.0,193.0
146.0,0.0,105.0,30.0,123.0,109.0,52.0,91.0
103.0,105.0,0.0,190.0,82.0,179.0,99.0,85.0
30.0,30.0,190.0,0.0,31.0,15.0,115.0,91.0
128.0,123.0,82.0,31.0,0.0,97.0,64.0,174.0
153.0,109.0,179.0,15.0,97.0,0.0,109.0,86.0
133.0,52.0,99.0,115.0,64.0,109.0,0.0,101.0
193.0,91.0,85.0,91.0,174.0,86.0,101.0,0.0
2185.5,2185.5,2185.5,2185.5,2185.5,2185.5,2185.5,2185.5
