0.0,187.0,143.0,131.0,155.0,84.0,154.0
187.0,0.0,46.0,139.0,161.0,114.0,115.0
143.0,46.0,0.0,100.0,48.0,108.0,56.0
131.0,139.0,100.0,0.0,143.0,35.0,180.0
155.0,161.0,48.0,143.0,0.0,144.0,71.0
84.0,114.0,108.0,35.0,144.0,0.0,63.0
154.0,115.0,56.0,180.0,71.0,63.0,0.0
1782.75,1782.75,1782.75,1782.75,1782.75,1782.75,1782.75
