0.0,157.0,55.0,95.0,146.0,108.0,111.0
157.0,0.0,66.0,78.0,143.0,165.0,114.0
55.0,66.0,0.0,32.0,143.0,113.0,100.0
95.0,78.0,32.0,0.0,120.0,122.0,114.0
146.0,143.0,143.0,120.0,0.0,159.0,104.0
108.0,165.0,113.0,122.0,159.0,0.0,78.0
111.0,114.0,100.0,114.0,104.0,78.0,0.0
1742.25,1742.25,1742.25,1742.25,1742.25,1742.25,1742.25
