0.0,137.0,70.0,47.0,127.0,60.0,125.0,153.0,77.0
137.0,0.0,114.0,125.0,135.0,84.0,146.0,48.0,180.0
70.0,114.0,0.0,132.0,119.0,96.0,174.0,26.0,85.0
47.0,125.0,132.0,0.0,105.0,87.0,102.0,82.0,111.0
127.0,135.0,119.0,105.0,0.0,39.0,178.0,63.0,91.0
60.0,84.0,96.0,87.0,39.0,0.0,129.0,110.0,79.0
125.0,146.0,174.0,102.0,178.0,129.0,0.0,55.0,87.0
153.0,48.0,26.0,82.0,63.0,110.0,55.0,0.0,96.0
77.0,180.0,85.0,111.0,91.0,79.0,87.0,96.0,0.0
2755.5,2755.5,2755.5,2755.5,2755.5,2755.5,2755.5,2755.5,2755.5
