0.0,114.0,90.0,87.0,128.0,86.0,168.0,112.0
114.0,0.0,54.0,105.0,90.0,127.0,124.0,112.0
90.0,54.0,0.0,92.0,70.0,140.0,104.0,125.0
87.0,105.0,92.0,0.0,133.0,63.0,102.0,149.0
128.0,90.0,70.0,133.0,0.0,167.0,61.0,139.0
86.0,127.0,140.0,63.0,167.0,0.0,115.0,141.0
168.0,124.0,104.0,102.0,61.0,115.0,0.0,32.0
112.0,112.0,125.0,149.0,139.0,141.0,32.0,0.0
2272.5,2272.5,2272.5,2272.5,2272.5,2272.5,2272.5,2272.5
