0.0,122.0,49.0,24.0,91.0,34.0,138.0,111.0
122.0,0.0,148.0,89.0,127.0,136.0,59.0,113.0
49.0,148.0,0.0,125.0,118.0,93.0,153.0,84.0
24.0,89.0,125.0,0.0,18.0,164.0,152.0,105.0
91.0,127.0,118.0,18.0,0.0,113.0,103.0,26.0
34.0,136.0,93.0,164.0,113.0,0.0,63.0,35.0
138.0,59.0,153.0,152.0,103.0,63.0,0.0,110.0
111.0,113.0,84.0,105.0,26.0,35.0,110.0,0.0
2027.25,2027.25,2027.25,2027.25,2027.25,2027.25,2027.25,2027.25
