0.0,138.0,105.0,11.0,79.0,122.0,51.0
138.0,0.0,152.0,32.0,88.0,77.0,110.0
105.0,152.0,0.0,38.0,104.0,88.0,68.0
11.0,32.0,38.0,0.0,62.0,78.0,123.0
79.0,88.0,104.0,62.0,0.0,165.0,98.0
122.0,77.0,88.0,78.0,165.0,0.0,136.0
51.0,110.0,68.0,123.0,98.0,136.0,0.0
1443.75,1443.75,1443.75,1443.75,1443.75,1443.75,1443.75
