0.0,94.0,112.0,76.0,106.0,162.0
94.0,0.0,58.0,39.0,84.0,130.0
112.0,58.0,0.0,41.0,114.0,148.0
76.0,39.0,41.0,0.0,141.0,125.0
106.0,84.0,114.0,141.0,0.0,122.0
162.0,130.0,148.0,125.0,122.0,0.0
1164.0,1164.0,1164.0,1164.0,1164.0,1164.0
