0.0,20.0,28.0,131.0,160.0,160.0,138.0
20.0,0.0,71.0,75.0,149.0,112.0,148.0
28.0,71.0,0.0,50.0,71.0,39.0,80.0
131.0,75.0,50.0,0.0,137.0,49.0,31.0
160.0,149.0,71.0,137.0,0.0,96.0,70.0
160.0,112.0,39.0,49.0,96.0,0.0,33.0
138.0,148.0,80.0,31.0,70.0,33.0,0.0
1386.0,1386.0,1386.0,1386.0,1386.0,1386.0,1386.0
