0.0,47.0,189.0,105.0,91.0,86.0,57.0,88.0
47.0,0.0,95.0,126.0,149.0,116.0,75.0,106.0
189.0,95.0,0.0,77.0,112.0,118.0,45.0,56.0
105.0,126.0,77.0,0.0,105.0,127.0,46.0,150.0
91.0,149.0,112.0,105.0,0.0,70.0,5.0,38.0
86.0,116.0,118.0,127.0,70.0,0.0,82.0,106.0
57.0,75.0,45.0,46.0,5.0,82.0,0.0,164.0
88.0,106.0,56.0,150.0,38.0,106.0,164.0,0.0
1973.25,1973.25,1973.25,1973.25,1973.25,1973.25,1973.25,1973.25
