0.0,171.0,180.0,165.0,101.0,93.0,170.0,120.0
171.0,0.0,140.0,135.0,64.0,95.0,90.0,141.0
180.0,140.0,0.0,68.0,175.0,174.0,136.0,94.0
165.0,135.0,68.0,0.0,69.0,113.0,85.0,30.0
101.0,64.0,175.0,69.0,0.0,106.0,92.0,47.0
93.0,95.0,174.0,113.0,106.0,0.0,46.0,90.0
170.0,90.0,136.0,85.0,92.0,46.0,0.0,113.0
120.0,141.0,94.0,30.0,47.0,90.0,113.0,0.0
2327.25,2327.25,2327.25,2327.25,2327.25,2327.25,2327.25,2327.25
