0.0,195.0,105.0,70.0,106.0,148.0,92.0
195.0,0.0,155.0,82.0,100.0,166.0,60.0
105.0,155.0,0.0,107.0,169.0,86.0,71.0
70.0,82.0,107.0,0.0,131.0,101.0,90.0
106.0,100.0,169.0,131.0,0.0,100.0,82.0
148.0,166.0,86.0,101.0,100.0,0.0,106.0
92.0,60.0,71.0,90.0,82.0,106.0,0.0
1741.5,1741.5,1741.5,1741.5,1741.5,1741.5,1741.5
