0.0,104.0,98.0,127.0,56.0,82.0,65.0,42.0,50.0
104.0,0.0,118.0,117.0,74.0,187.0,148.0,99.0,122.0
98.0,118.0,0.0,140.0,68.0,140.0,70.0,81.0,72.0
127.0,117.0,140.0,0.0,46.0,135.0,165.0,99.0,126.0
56.0,74.0,68.0,46.0,0.0,181.0,185.0,165.0,35.0
82.0,187.0,140.0,135.0,181.0,0.0,102.0,63.0,80.0
65.0,148.0,70.0,165.0,185.0,102.0,0.0,193.0,103.0
42.0,99.0,81.0,99.0,165.0,63.0,193.0,0.0,56.0
50.0,122.0,72.0,126.0,35.0,80.0,103.0,56.0,0.0
2845.5,2845.5,2845.5,2845.5,2845.5,2845.5,2845.5,2845.5,2845.5
