0.0,59.0,36.0,121.0,9.0,133.0
59.0,0.0,12.0,93.0,119.0,25.0
36.0,12.0,0.0,58.0,112.0,67.0
121.0,93.0,58.0,0.0,109.0,174.0
9.0,119.0,112.0,109.0,0.0,60.0
133.0,25.0,67.0,174.0,60.0,0.0
890.25,890.25,890.25,890.25,890.25,890.25
