0.0,157.0,56.0,46.0,131.0,48.0,100.0,52.0
157.0,0.0,132.0,90.0,58.0,78.0,69.0,31.0
56.0,132.0,0.0,39.0,81.0,73.0,100.0,115.0
46.0,90.0,39.0,0.0,133.0,123.0,98.0,52.0
131.0,58.0,81.0,133.0,0.0,56.0,198.0,149.0
48.0,78.0,73.0,123.0,56.0,0.0,83.0,107.0
100.0,69.0,100.0,98.0,198.0,83.0,0.0,53.0
52.0,31.0,115.0,52.0,149.0,107.0,53.0,0.0
1881.0,1881.0,1881.0,1881.0,1881.0,1881.0,1881.0,1881.0
