0.0,151.0,70.0,36.0,105.0,117.0
151.0,0.0,96.0,97.0,160.0,84.0
70.0,96.0,0.0,129.0,97.0,83.0
36.0,97.0,129.0,0.0,137.0,131.0
105.0,160.0,97.0,137.0,0.0,172.0
117.0,84.0,83.0,131.0,172.0,0.0
1248.75,1248.75,1248.75,1248.75,1248.75,1248.75
