0.0,109.0,144.0,48.0,93.0,62.0,89.0,45.0
109.0,0.0,118.0,133.0,71.0,174.0,27.0,85.0
144.0,118.0,0.0,74.0,101.0,116.0,110.0,92.0
48.0,133.0,74.0,0.0,81.0,11.0,117.0,32.0
93.0,71.0,101.0,81.0,0.0,151.0,83.0,133.0
62.0,174.0,116.0,11.0,151.0,0.0,148.0,63.0
89.0,27.0,110.0,117.0,83.0,148.0,0.0,92.0
45.0,85.0,92.0,32.0,133.0,63.0,92.0,0.0
1951.5,1951.5,1951.5,1951.5,1951.5,1951.5,1951.5,1951.5
