0.0,54.0,102.0,85.0,152.0,87.0
54.0,0.0,134.0,105.0,131.0,88.0
102.0,134.0,0.0,99.0,122.0,61.0
85.0,105.0,99.0,0.0,56.0,108.0
152.0,131.0,122.0,56.0,0.0,66.0
87.0,88.0,61.0,108.0,66.0,0.0
1087.5,1087.5,1087.5,1087.5,1087.5,1087.5
