0.0,67.0,173.0,34.0,141.0,87.0
67.0,0.0,81.0,112.0,56.0,134.0
173.0,81.0,0.0,36.0,71.0,123.0
34.0,112.0,36.0,0.0,157.0,47.0
141.0,56.0,71.0,157.0,0.0,131.0
87.0,134.0,123.0,47.0,131.0,0.0
1087.5,1087.5,1087.5,1087.5,1087.5,1087.5
