0.0,171.0,89.0,105.0,179.0,84.0
171.0,0.0,137.0,93.0,4.0,129.0
89.0,137.0,0.0,65.0,36.0,116.0
105.0,93.0,65.0,0.0,108.0,129.0
179.0,4.0,36.0,108.0,0.0,82.0
84.0,129.0,116.0,129.0,82.0,0.0
1145.25,1145.25,1145.25,1145.25,1145.25,1145.25
