0.0,49.0,141.0,189.0,79.0,147.0
49.0,0.0,143.0,115.0,109.0,9.0
141.0,143.0,0.0,99.0,153.0,41.0
189.0,115.0,99.0,0.0,155.0,109.0
79.0,109.0,153.0,155.0,0.0,59.0
147.0,9.0,41.0,109.0,59.0,0.0
1197.75,1197.75,1197.75,1197.75,1197.75,1197.75
