0.0,66.0,62.0,31.0,105.0,54.0,63.0,81.0
66.0,0.0,159.0,59.0,117.0,38.0,154.0,74.0
62.0,159.0,0.0,41.0,40.0,130.0,107.0,112.0
31.0,59.0,41.0,0.0,88.0,106.0,154.0,188.0
105.0,117.0,40.0,88.0,0.0,117.0,46.0,53.0
54.0,38.0,130.0,106.0,117.0,0.0,119.0,71.0
63.0,154.0,107.0,154.0,46.0,119.0,0.0,96.0
81.0,74.0,112.0,188.0,53.0,71.0,96.0,0.0
1898.25,1898.25,1898.25,1898.25,1898.25,1898.25,1898.25,1898.25
