0,62,138,176,81,102,67
62,0,116,83,86,108,139
138,116,0,151,98,88,48
176,83,151,0,82,81,106
81,86,98,82,0,125,80
102,108,88,81,125,0,166
67,139,48,106,80,166,0
