0,153,106,120,134,110
153,0,65,51,96,89
106,65,0,181,132,61
120,51,181,0,56,118
134,96,132,56,0,82
110,89,61,118,82,0
