0,148,115,178,137,72
148,0,100,31,183,73
115,100,0,165,137,131
178,31,165,0,138,147
137,183,137,138,0,149
72,73,131,147,149,0
